% Матриця A згідно варіанту
A = [1 2; 3 0]

A =

     1     2
     3     0

% Матриця Q для рівняння Ляпунова
Q = [5 0; 0 2]

Q =

     5     0
     0     2

% Розв'язок рівняння Ляпунова: A'*P + P*A = -Q
P = lyap(A', Q);
disp(P);
   -1.0000   -0.5000
   -0.5000    0.8333

A = [1 2; 3 0]

A =

     1     2
     3     0

% Матриця B згідно варіанту
B = [2 2; 0 1]

B =

     2     2
     0     1

% Матриці Q і R для рівняння Ріккаті
Q = [1 0; 0 2]

Q =

     1     0
     0     2

R = [1 0; 0 1]

R =

     1     0
     0     1

% Розв'язок рівняння Ріккаті (безперервного типу)
[K, P] = lqr(A, B, Q, R);
disp(P)
    0.6730    0.4464
    0.4464    0.8359

A = [1 2; 3 0]

A =

     1     2
     3     0

B = [2 2; 0 1]

B =

     2     2
     0     1

Q = [1 0; 0 2]

Q =

     1     0
     0     2

R = [1 0; 0 1]

R =

     1     0
     0     1

% Розв'язок рівняння Ріккаті другого роду (дискретного типу)
P = dlqr(A, B, Q, R);
disp(P);
   -1.3623    0.7899
    1.8149    0.2042

%==========
save laba_4
diary off
